0,403
0,402
0,401
0,400
0,399
0,398
0,397
0,396
0,395
35,4
35,3
35,2
35,1
35,0
0,394
34,8
34,7
34,6
34,5
0,393
0,278
0,392
0,391
34,4
34,3
34,2
34,1
34,0
0,390
0,389
0,273
0,270
33,4
33,3
33,2
33,1
33,0
0,388
32,4
32,3
32,2
32,1
32,0
31,3
31,2
31,1
31,0
0,387
0,386
0,385
30,3
30,2
30,1
30,0
0,384
0,319
0,318
0,317
29,3
29,2
29,1
29,0
0,316
0,283
0,243
28,4
28,3
28,2
0,9
28,1
28,0
27,55
27,54
27,53
27,52
27,51
27,50
27,49
27,48
27,47
27,46
27,45
27,44
27,43
27,42
27,41
27,40
27,39
27,38
27,37
27,36
27,35
3,1
3,3
